-2.4572858261485155 5 5
-2.4572858261485155 0 -10
2.4572858261485155 5 -5
-2.546185966486536 5 -1
2.546185966486536 3 7
2.546185966486536 5 1
-2.546185966486536 3 -7
2.546185966486536 2 -8
-2.546185966486536 2 8
-4.636363188541669 0 -8
4.636363188541669 4 -4
-4.636363188541669 4 4
-6.464406234976282 3 -5
-6.464406234976282 4 -2
6.464406234976282 3 5
6.464406234976282 1 -7
6.464406234976282 4 2
-6.464406234976282 1 7
-12.390622111857079 3 -3
12.390622111857079 3 3
12.390622111857079 0 -6
-21.1610302857715 3 -1
21.1610302857715 2 4
-21.1610302857715 1 5
21.1610302857715 3 1
21.1610302857715 1 -5
-21.1610302857715 2 -4
-90.65004224975945 2 -2
90.65004224975945 2 2
90.65004224975945 0 -4
332.82839307873024 0 -2
332.82839307873024 1 1
-332.82839307873024 1 -1
