1.2730305634849965 3 5
1.2730305634849965 1 7
1.2730305634849965 1 -7
1.2730305634849965 4 -2
1.2730305634849965 3 -5
1.2730305634849965 4 2
-1.3996670488379561 0 -10
-1.3996670488379561 5 5
-1.3996670488379561 5 -5
1.5361034362395194 3 9
1.5361034362395194 6 -12
1.5361034362395194 3 -9
1.5361034362395194 3 -15
1.5361034362395194 6 0
-1.605440984259302 4 -12
-1.9672727180188205 2 -8
-1.9672727180188205 5 1
-1.9672727180188205 3 -7
-1.9672727180188205 2 8
-1.9672727180188205 5 -1
-1.9672727180188205 3 7
-2.3357833659133753 2 -12
-2.3357833659133753 5 -15
-2.3357833659133753 5 -9
-3.8132074278579475 2 6
-3.8132074278579475 2 -6
-3.8132074278579475 4 0
4.322335386578279 4 6
4.322335386578279 1 -9
4.322335386578279 1 9
4.322335386578279 5 -3
4.322335386578279 5 3
4.322335386578279 4 -6
4.9212745740314014 3 3
4.9212745740314014 0 -6
4.9212745740314014 3 -3
-29.188451275462025 3 1
-29.188451275462025 1 5
-29.188451275462025 1 -5
-29.188451275462025 2 4
-29.188451275462025 2 -4
-29.188451275462025 3 -1
-33.14151857438672 1 3
-33.14151857438672 2 0
-33.14151857438672 1 -3
-105.0561743485995 0 -4
-105.0561743485995 2 -2
-105.0561743485995 2 2
-526.3468091534777 1 -1
-526.3468091534777 0 -2
-526.3468091534777 1 1
-67219.98172802594 0 0
