-0.7223346148762898 3 -9
-0.7223346148762898 6 0
-0.7223346148762898 3 9
-0.7223346148762898 3 15
-0.7223346148762898 6 12
0.8396417413718491 4 12
-1.2710802589839556 0 -12
-1.2710802589839556 6 -6
-1.2710802589839556 6 18
-1.2710802589839556 6 6
2.169650675812176 4 -6
2.169650675812176 1 -9
2.169650675812176 1 9
2.169650675812176 5 -3
2.169650675812176 4 6
2.169650675812176 5 3
2.90489506593552 3 5
2.90489506593552 3 -5
2.90489506593552 1 -7
2.90489506593552 4 -2
2.90489506593552 4 2
2.90489506593552 1 7
-3.170852691020689 3 3
-3.170852691020689 3 -3
-3.170852691020689 0 -6
-5.535648907545745 2 -6
-5.535648907545745 4 0
-5.535648907545745 2 6
-11.721333660797695 1 5
-11.721333660797695 2 -4
-11.721333660797695 3 1
-11.721333660797695 3 -1
-11.721333660797695 2 4
-11.721333660797695 1 -5
13.506865838123002 2 0
13.506865838123002 1 3
13.506865838123002 1 -3
-24.60404362050735 2 -2
-24.60404362050735 0 -4
-24.60404362050735 2 2
-258.33093926494655 1 -1
-258.33093926494655 0 -2
-258.33093926494655 1 1
-31966.11105468444 0 0
