-2.1301366509348756 3 -7
2.1301366509348756 2 -8
2.1301366509348756 5 1
-2.1301366509348756 2 8
2.1301366509348756 3 7
-2.1301366509348756 5 -1
2.3857040251303605 0 -6
-2.3857040251303605 3 -3
2.3857040251303605 3 3
6.4263615442985245 3 5
-6.4263615442985245 1 7
6.4263615442985245 4 2
6.4263615442985245 1 -7
-6.4263615442985245 3 -5
-6.4263615442985245 4 -2
-18.64915535396364 2 -4
-18.64915535396364 3 -1
18.64915535396364 1 -5
18.64915535396364 2 4
-18.64915535396364 1 5
18.64915535396364 3 1
54.59636662995384 2 -2
-54.59636662995384 0 -4
-54.59636662995384 2 2
367.6158656827553 1 1
-367.6158656827553 1 -1
367.6158656827553 0 -2
