0.8647060521992169 0 -6
-0.8647060521992169 3 -3
0.8647060521992169 3 3
-1.543435895509762 0 -8
1.543435895509762 4 -4
-1.543435895509762 4 4
4.938821476209967 3 5
4.938821476209967 4 2
-4.938821476209967 4 -2
4.938821476209967 1 -7
-4.938821476209967 3 -5
-4.938821476209967 1 7
20.1215130138066 2 4
-20.1215130138066 1 5
-20.1215130138066 3 -1
-20.1215130138066 2 -4
20.1215130138066 1 -5
20.1215130138066 3 1
-30.54175617767311 2 2
30.54175617767311 2 -2
-30.54175617767311 0 -4
-342.38186465291574 1 -1
342.38186465291574 0 -2
342.38186465291574 1 1
