0.8623958398721274 4 6
0.8623958398721274 1 -9
0.8623958398721274 1 9
0.8623958398721274 5 -3
0.8623958398721274 5 3
0.8623958398721274 4 -6
-0.9001479696106756 2 14
-0.9001479696106756 4 8
-0.9001479696106756 6 -2
-0.9001479696106756 6 2
-0.9001479696106756 6 14
-0.9001479696106756 2 10
-0.9001479696106756 6 10
-0.9001479696106756 4 -8
-0.9001479696106756 2 -10
-0.9001479696106756 4 16
-0.9154697983373817 2 12
-0.9154697983373817 5 9
-0.9154697983373817 5 15
-1.1019860996303912 0 -10
-1.1019860996303912 5 -5
-1.1019860996303912 5 5
-1.2143920079715227 3 7
-1.2143920079715227 5 1
-1.2143920079715227 3 -7
-1.2143920079715227 2 -8
-1.2143920079715227 2 8
-1.2143920079715227 5 -1
-1.6388931114184393 4 12
1.9251009201376676 1 7
1.9251009201376676 3 5
1.9251009201376676 3 -5
1.9251009201376676 4 2
1.9251009201376676 4 -2
1.9251009201376676 1 -7
2.932956158834058 3 -3
2.932956158834058 3 3
2.932956158834058 0 -6
-6.369732906509353 4 0
-6.369732906509353 2 -6
-6.369732906509353 2 6
-11.026505120851171 1 5
-11.026505120851171 3 1
-11.026505120851171 3 -1
-11.026505120851171 2 -4
-11.026505120851171 1 -5
-11.026505120851171 2 4
15.611996664182742 2 0
15.611996664182742 1 -3
15.611996664182742 1 3
-289.7551290444238 0 -2
-289.7551290444238 1 1
-289.7551290444238 1 -1
-34733.111995693085 0 0
